# TRADING CODE LTP* HIGH LOW CLOSEP* YCP* CHANGE TRADE VALUE (mn) VOLUME	
1	BEACHHATCH	96.7	101.5	93	96.7	94.7	2	3,377	159.3220	1,621,176	
2	UTTARABANK	25.2	25.4	25	25.2	25.3	-0.1	1,504	154.4200	6,135,936	
3	MIDLANDBNK	17.7	17.9	16.1	17.7	16.3	1.4	2,299	120.2830	6,850,905	
4	BSC	93.3	94.8	91.9	93.3	93.7	-0.4	2,892	118.5250	1,273,222	
5	NRBBANK	13.4	13.6	12.5	13.4	12.5	0.9	1,288	83.2770	6,238,690	
6	BXPHARMA	95.2	97	94.8	95.2	95	0.2	1,830	82.1640	861,016	
7	LOVELLO	80.8	81.1	79.7	80.8	79.5	1.3	1,486	80.0780	993,149	
8	EASTRNLUB	2	2,650	2,480	2,504.3	2	-20.5	2,606	78.3860	30,469	
9	SPCERAMICS	22.4	24.4	22	22.4	24	-1.6	2,700	75.6850	3,269,869	
10	ABB1STMF	5.1	5.2	4.8	5.1	4.9	0.2	1,047	74.4420	14,902,091	
11	SPCL	38.3	39.9	37.5	38.3	37.6	0.7	2,217	72.5090	1,871,281	
12	EBL	27.1	27.1	27	27.1	27.1	0	408	55.6860	2,057,395	
13	KBPPWBIL	134.7	138.6	130	134.7	133.2	1.5	1,936	52.0340	384,370	
14	DGIC	31.6	32.5	29	31.6	29.7	1.9	1,266	43.1500	1,411,281	
15	INTRACO	23.1	23.6	22.5	23.1	22.8	0.3	981	39.5120	1,702,112	
16	ACI	194.6	204.4	191.1	194.6	204	-9.4	1,271	38.6440	196,783	
17	LHB	45	45.8	44.9	45	45.2	-0.2	1,205	36.0930	799,929	
18	MALEKSPIN	26	26.7	26	26	26.2	-0.2	772	34.2400	1,308,927	
19	HEIDELBCEM	264.2	294	263.3	264.2	288.4	-24.2	1,520	33.5090	123,062	
20	ORIONINFU	387.6	392.3	385.7	387.6	387.7	-0.1	1,051	32.7750	84,415	
21	HAKKANIPUL	60.4	62	58.6	60.4	58.4	2	1,759	31.6470	524,798	
22	RELIANCE1	20	21.4	19.7	20	21.3	-1.3	504	31.0540	1,509,431	
23	IPDC	16.7	17.4	16.6	16.7	16.5	0.2	745	29.2730	1,722,071	
24	SALAMCRST	22	24.1	21.8	22	23.6	-1.6	1,375	28.2410	1,243,278	
25	AIL	45.1	45.4	44.2	45.1	44.1	1	1,942	27.6580	616,074	
26	BATBC	323.3	323.9	322.1	323.3	322.5	0.8	694	23.8160	73,751	
27	GLOBALINS	29.3	29.7	28.6	29.3	28.8	0.5	805	23.7180	815,051	
28	CVOPRL	152.6	153.5	149.6	152.6	150.6	2	1,156	23.7080	155,758	
29	SEAPEARL	37.7	39.7	34.7	37.7	38.4	-0.7	597	23.2710	608,248	
30	IFIC	6.8	7	6.7	6.8	6.8	0	415	23.0800	3,373,189	
31	NAVANAPHAR	55.4	56	54.7	55.4	54.9	0.5	908	21.6160	391,113	
32	EIL	52.3	54	51.4	52.3	53.5	-1.2	404	21.3880	408,037	
33	SONALIPAPR	154.1	157	154	154.1	156.1	-2	1,086	20.8230	134,405	
34	FINEFOODS	190.1	191.3	188.9	190.1	190	0.1	613	20.3970	107,096	
35	JAMUNABANK	19.4	19.4	19	19.3	19.2	0.2	336	20.1110	1,049,708	
36	MAGURAPLEX	76.4	80.5	76	76.4	79.8	-3.4	1,125	19.9840	258,107	
37	BESTHLDNG	17.3	17.6	17.2	17.3	17.4	-0.1	559	18.7750	1,080,292	
38	SHAHJABANK	18.4	18.6	18.2	18.4	18.3	0.1	178	17.8770	972,489	
39	SONALIANSH	182.5	189.8	181.5	182.5	187.1	-4.6	1,224	17.6470	95,723	
40	ROBI	25.7	26	25.6	25.7	25.8	-0.1	493	17.6270	685,517	
41	SUNLIFEINS	67.7	68	66.2	67.7	66.5	1.2	282	17.5150	259,498	
42	PREMIERCEM	60	60.2	58.8	60	58.7	1.3	552	17.1620	287,515	
43	NTLTUBES	82	84.5	81.6	82	84.1	-2.1	725	16.5110	199,851	
44	APEXFOOT	225.2	228.3	222.3	225.2	227.4	-2.2	728	15.7880	70,017	
45	SICL	25	25.4	24.2	25	24.9	0.1	556	15.6430	632,362	
46	GP	319.9	320.9	319.6	319.9	320.9	-1	565	15.4160	48,187	
47	IFADAUTOS	24.6	25.3	24.4	24.6	24.4	0.2	661	14.6600	592,659	
48	FUWANGFOOD	14.6	14.8	14.5	14.6	14.5	0.1	527	14.1680	967,620	
49	BDFINANCE	10	10.9	9.8	10	10.8	-0.8	806	14.1390	1,385,336	
50	EPGL	19.7	20.7	19.5	19.7	20.5	-0.8	723	13.6330	677,695	
51	MEGHNALIFE	51.6	52.8	51.4	51.6	52.3	-0.7	554	13.6140	262,040	
52	LANKABAFIN	17.1	17.4	17	17.1	17.1	0	461	13.5530	790,870	
53	SQURPHARMA	215.3	217.9	215	215.3	215.4	-0.1	732	13.1720	61,184	
54	AGNISYSL	26.9	27.2	26.7	26.9	27	-0.1	507	13.0520	485,774	
55	UNIONINS	29.3	29.7	27.9	29.3	28	1.3	499	12.5750	436,332	
56	PADMAOIL	180.7	182.3	180.2	180.5	181.3	-0.6	344	12.1950	67,419	
57	KPPL	24.2	24.6	22.8	24.2	22.9	1.3	798	11.7320	498,097	
58	OLYMPIC	155.5	158.8	154.8	155.5	155.8	-0.3	497	11.5900	74,410	
59	KDSALTD	43.6	44.7	42.9	43.6	44.1	-0.5	400	11.4260	262,708	
60	BRACBANK	49.7	50.5	49.6	49.7	49.8	-0.1	220	11.3510	228,428	
61	ONEBANKPLC	8.3	8.4	8.1	8.2	8.1	0.2	152	11.3390	1,374,738	
62	BSRMLTD	72.5	74.3	72.4	72.5	73.6	-1.1	410	11.2140	154,193	
63	FUWANGCER	13.2	13.4	13.1	13.2	13.2	0	472	10.9230	826,875	
64	RDFOOD	22.2	22.8	22	22.2	22.5	-0.3	504	10.7630	481,641	
65	FEKDIL	15.9	16.1	15.8	15.9	16	-0.1	428	10.7440	674,178	
66	MONNOAGML	329.7	344.5	328	329.7	335.8	-6.1	703	10.7310	32,166	
67	NATLIFEINS	89.4	91.7	88.3	89.4	90.4	-1	326	10.3770	116,196	
68	ICBSONALI1	5.5	5.7	5.5	5.5	5.6	-0.1	237	10.0380	1,810,664	
69	KARNAPHULI	28.8	29.1	28.2	28.8	28.8	0	472	10.0140	349,261	
70	OIMEX	26.7	27	26.4	26.7	26.5	0.2	352	10.0000	374,925	
71	CLICL	50.2	51.3	48.6	50.2	50.2	0	351	9.9730	197,407	
72	GPHISPAT	21.2	21.4	21	21.2	21.1	0.1	349	9.9670	470,852	
73	ECABLES	124	135	122.5	124	128.8	-4.8	706	9.9400	77,989	
74	LINDEBD	905.4	917	905	905.4	912.1	-6.7	749	9.5120	10,488	
75	CITYBANK	22.6	22.7	22.5	22.6	22.6	0	149	9.5020	420,746	
76	ASIATICLAB	33.3	34.4	33	33.3	34	-0.7	533	9.2220	274,600	
77	EHL	74.9	75.8	73.8	74.9	74.4	0.5	539	9.1890	122,796	
78	SONARGAON	32.9	33.2	30.6	32.9	31.5	1.4	547	9.1200	281,851	
79	ITC	37.6	38	37.5	37.6	37.8	-0.2	392	8.8900	236,097	
80	AL-HAJTEX	129	130	124.5	129	124.6	4.4	578	8.8790	70,201	
81	RENATA	499.9	500.9	499.7	499.9	499.6	0.3	330	8.6750	17,351	
82	BDCOM	24.8	25.4	24.8	24.8	25.2	-0.4	311	8.6490	346,859	
83	ADNTEL	83.3	84.4	82	83.3	82.2	1.1	528	8.6300	104,150	
84	BPML	35.9	36.9	35.6	35.9	36.3	-0.4	459	8.4280	233,210	
85	IFIC1STMF	3.7	3.8	3.6	3.7	3.7	0	124	8.3630	2,264,917	
86	JHRML	49.7	51.2	49.5	49.7	50.2	-0.5	518	8.3300	166,674	
87	MATINSPINN	45.7	46	44.5	45.7	44.9	0.8	477	8.2710	181,901	
88	ISLAMIBANK	40.8	41	39.8	40.8	39.8	1	802	8.1060	200,749	
89	DSSL	9.9	10.1	9.8	9.9	9.9	0	499	8.0520	809,518	
90	TECHNODRUG	30.2	30.6	30.2	30.2	30.4	-0.2	361	8.0490	265,715	
91	ANWARGALV	70.8	71	68.8	70.8	69.3	1.5	591	8.0010	114,489	
92	ACMEPL	13.7	14	13.6	13.7	13.7	0	391	7.9570	578,834	
93	KAY&QUE	210.2	215.3	207.9	210.2	214.9	-4.7	536	7.6960	36,416	
94	BDTHAI	13.5	13.7	13.4	13.5	13.5	0	369	7.6260	563,084	
95	SBACBANK	7.9	8.2	7.7	7.9	7.7	0.2	306	7.5410	944,260	
96	CONTININS	27.4	27.6	26.8	27.4	27	0.4	340	7.5240	277,119	
97	RUPALILIFE	86.9	88.6	86.5	86.9	87.9	-1	499	7.3840	84,673	
98	ICB	49.8	51.4	49.5	49.8	50.7	-0.9	436	7.3800	147,234	
99	KTL	11.3	11.6	11.2	11.3	11.3	0	294	7.3410	647,780	
100	BDLAMPS	129.9	130.3	124.7	128.9	127.4	2.5	504	7.3360	56,955	
101	POPULARLIF	49.6	50.7	49.4	49.6	50.2	-0.6	418	7.3120	146,395	
102	GEMINISEA	146.2	148.4	146	146.2	147.7	-1.5	550	7.1270	48,526	
103	WALTONHIL	459.3	469	458.3	459.3	466.5	-7.2	715	6.8510	14,853	
104	MIRAKHTER	30.9	31.5	30.8	30.9	31	-0.1	208	6.8480	220,794	
105	DOREENPWR	22.8	23.5	22.8	23.1	23	-0.2	405	6.7740	292,531	
106	UCB	10.7	10.8	9.9	10.7	9.9	0.8	388	6.6320	627,883	
107	HAMI	128.4	129.9	122.1	128.4	125.6	2.8	653	6.5770	51,390	
108	1STPRIMFMF	19	19.7	18.8	19	19.4	-0.4	403	6.5530	341,460	
109	MONNOCERA	83.5	85	83	83.5	84.2	-0.7	250	6.4700	77,392	
110	ETL	9.2	9.4	9.1	9.2	9.3	-0.1	370	6.4080	693,180	
111	SAMORITA	61.1	62.4	61	61.1	61.8	-0.7	276	6.3780	104,178	
112	PRAGATIINS	52.2	55.8	52.2	52.7	54.6	-2.4	242	6.3510	116,853	
113	ACMELAB	73.4	74.5	73.3	73.4	73.8	-0.4	357	6.3320	86,062	
114	CENTRALPHL	10.4	10.6	10.2	10.4	10.2	0.2	356	6.3000	607,532	
115	GLDNJMF	7.8	8	7.7	7.8	7.9	-0.1	274	6.2340	796,122	
116	UNIONCAP	4.9	5.4	4.9	4.9	5.4	-0.5	349	6.1490	1,233,108	
117	CONFIDCEM	51.8	53	51.6	51.8	52.5	-0.7	271	6.1350	117,903	
118	CAPMBDBLMF	9.1	9.1	8.9	9.1	9.1	0	257	6.0560	671,915	
119	NCCBANK	10.4	10.6	10.2	10.3	10.3	0.1	141	5.9860	583,918	
120	MJLBD	94.7	95	94.5	94.7	94.9	-0.2	182	5.9710	63,110	
121	GHAIL	12.2	12.5	12.1	12.2	12.2	0	296	5.7980	473,060	
122	PREMIERBAN	9	9.1	8.9	9	8.9	0.1	126	5.7610	640,233	
123	HRTEX	31.2	32.3	30.9	31.2	31.2	0	338	5.7490	184,096	
124	MTB	11.7	11.8	11.6	11.7	11.6	0.1	114	5.6750	487,285	
125	CRYSTALINS	43.6	44.7	43.5	43.6	43.9	-0.3	293	5.6500	129,001	
126	MARICO	2	2,506	2,460	2,499.6	2	35	418	5.6020	2,245	
127	DOMINAGE	10.3	10.7	10.2	10.3	10.5	-0.2	291	5.4950	530,822	
128	KOHINOOR	511.3	521.8	510	511.3	514.4	-3.1	392	5.4460	10,572	
129	RUNNERAUTO	28	28.4	27.5	28	27.8	0.2	316	5.4350	194,299	
130	AMBEEPHA	809.7	857.3	796.1	809.7	828	-18.3	381	5.3950	6,487	
131	BEACONPHAR	118.4	120.4	117.8	118.4	118.6	-0.2	409	5.3810	45,365	
132	GOLDENSON	12.9	13.1	12.8	12.9	12.9	0	247	5.3230	411,481	
133	MERCANBANK	9.8	9.9	9.8	9.8	9.8	0	138	5.2800	538,670	
134	MONOSPOOL	93.7	95	93.6	93.7	94.8	-1.1	306	5.2780	56,070	
135	SHARPIND	17.9	18.5	17.7	17.9	18.1	-0.2	272	5.2640	289,679	
136	RANFOUNDRY	145.6	153.1	144.8	145.6	154.6	-9	309	5.2210	35,396	
137	PUBALIBANK	27.3	27.5	27.2	27.3	27.5	-0.2	127	5.2190	191,269	
138	IBP	10.2	10.7	10.2	10.2	10.5	-0.3	296	5.0800	491,013	
139	POWERGRID	35.1	36.1	35	35.1	35.7	-0.6	168	5.0510	142,904	
140	FIRSTSBANK	4.5	4.7	4.5	4.5	4.6	-0.1	165	4.9810	1,094,149	
141	RECKITTBEN	3	3,941.7	3,906.1	3,919.3	3	-13.4	291	4.9560	1,262	
142	PHARMAID	554.6	567.2	553	554.6	558.4	-3.8	386	4.8580	8,744	
143	SAPORTL	22.6	22.8	22.5	22.6	22.8	-0.2	223	4.7980	212,005	
144	BANGAS	95.3	97.6	95.1	95.3	96.6	-1.3	368	4.7620	49,636	
145	QUASEMIND	30.9	31.3	30.3	30.9	30.6	0.3	305	4.6810	151,443	
146	ISLAMICFIN	10.6	11.3	10.5	10.6	10.8	-0.2	234	4.6690	435,024	
147	KPCL	12.9	13.2	12.8	12.9	12.7	0.2	318	4.6500	358,769	
148	WATACHEM	118.1	125.4	117.9	118.9	121.2	-3.1	347	4.5680	37,988	
149	PROGRESLIF	64.8	68.5	64.5	64.8	64.5	0.3	377	4.5410	68,726	
150	EGEN	22.3	22.5	22	22.3	22.2	0.1	187	4.4220	198,639	
151	EMERALDOIL	21.4	22.8	21.3	21.4	21.5	-0.1	245	4.4130	203,240	
152	GENEXIL	22.6	23.2	22.4	22.6	22.6	0	281	4.4100	194,800	
153	JMISMDL	145.1	149	142.2	144.4	147.3	-2.2	307	4.3740	30,300	
154	ORIONPHARM	30.8	31.4	30.8	30.8	31	-0.2	206	4.3640	141,124	
155	DELTALIFE	73.1	74.5	72.9	73.1	73.1	0	183	4.3300	59,069	
156	PRIMEBANK	21.3	21.8	21.3	21.3	21.3	0	125	4.2310	198,352	
157	SAIHAMCOT	13.5	13.6	13.4	13.5	13.5	0	135	4.1840	310,377	
158	STANDARINS	37.5	37.8	36.8	37.5	37.2	0.3	261	4.0430	108,186	
159	DESHBANDHU	19	19.5	18.9	19	19.2	-0.2	237	4.0110	210,060	
160	MONNOFABR	14.5	14.8	14.3	14.5	14.4	0.1	195	4.0020	276,423	
161	MEGHNAINS	25.3	25.7	24.7	25.3	25.5	-0.2	254	3.9720	158,588	
162	IBNSINA	293	298.6	292	293	296.9	-3.9	178	3.9380	13,345	
163	MIRACLEIND	27.9	29.6	27.6	27.9	28.9	-1	274	3.9370	139,126	
164	AMCL(PRAN)	216.3	224	215.1	216.3	219.6	-3.3	140	3.9050	17,887	
165	TOSRIFA	20	20.6	19.7	20	20.4	-0.4	186	3.8670	192,021	
166	SEMLLECMF	8.8	8.9	8.7	8.8	8.9	-0.1	108	3.8590	436,980	
167	UNIQUEHRL	40.9	41.5	40.7	40.9	41	-0.1	184	3.8360	93,595	
168	SINOBANGLA	44	45	43.9	43.9	44.5	-0.5	182	3.8240	86,923	
169	PROVATIINS	30.9	31.4	30.8	30.9	31.2	-0.3	210	3.7860	122,020	
170	ABBANK	6.9	7	6.8	6.9	6.8	0.1	199	3.7770	547,822	
171	FAREASTFIN	3.8	4.1	3.7	3.8	3.8	0	164	3.7220	934,262	
172	TITASGAS	20.9	21.4	20.7	20.9	21.1	-0.2	121	3.6580	173,643	
173	TRUSTBANK	21.9	22	21.5	21.8	21.6	0.3	106	3.6540	169,205	
174	LIBRAINFU	794.7	811.9	793.1	794.7	804.3	-9.6	300	3.5640	4,458	
175	LEGACYFOOT	53.8	55.4	53.5	53.8	55	-1.2	323	3.5570	65,741	
176	DHAKABANK	10.5	10.5	10.4	10.5	10.4	0.1	99	3.4960	335,662	
177	NRBCBANK	7.2	7.3	6.9	7.2	7	0.2	144	3.3260	462,260	
178	SIMTEX	16.9	17.3	16.8	16.9	17	-0.1	214	3.2980	194,258	
179	TILIL	40	40.7	39.8	39.9	40.3	-0.3	177	3.2670	81,452	
180	MHSML	14.1	14.2	13.8	14.1	13.6	0.5	281	3.2670	234,408	
181	SALVOCHEM	22.4	22.5	22.1	22.4	22.2	0.2	213	3.2420	145,455	
182	DESCO	26.1	27.9	26.1	26.1	26.6	-0.5	274	3.1840	120,027	
183	DACCADYE	16	16.1	15.7	16	15.6	0.4	172	3.0730	192,044	
184	MPETROLEUM	206.4	206.9	205.7	206.4	206	0.4	117	3.0570	14,822	
185	AAMRANET	21.7	21.8	21.5	21.6	21.8	-0.1	138	3.0350	140,508	
186	PRIMELIFE	38.1	38.8	37.6	38.1	38.6	-0.5	119	2.9330	77,048	
187	BDTHAIFOOD	14.4	14.6	14.2	14.4	14.4	0	510	2.9000	201,321	
188	EXIMBANK	6.2	6.4	6.1	6.2	6.3	-0.1	226	2.8980	468,311	
189	EASTLAND	18.9	19	18.5	18.9	18.8	0.1	156	2.8870	153,476	
190	SANDHANINS	20	20.6	20	20	20.3	-0.3	232	2.8480	141,521	
191	SUMITPOWER	14.8	15	14.7	14.8	14.8	0	143	2.8330	191,423	
192	PHPMF1	3.3	3.4	3.3	3.3	3.3	0	109	2.8140	846,726	
193	FORTUNE	16	16.1	15.7	16	15.8	0.2	204	2.7780	173,870	
194	APEXFOODS	204	208.3	203.5	204	205.2	-1.2	187	2.7280	13,323	
195	SSSTEEL	6.9	7.1	6.9	6.9	7	-0.1	236	2.7240	391,793	
196	UPGDCL	118	119.4	117.7	118	118.4	-0.4	135	2.7210	22,989	
197	SHASHADNIM	17.8	17.9	17.6	17.8	17.8	0	154	2.6950	151,508	
198	BBS	10.5	10.8	10.4	10.5	10.7	-0.2	202	2.6480	250,391	
199	ENVOYTEX	42.8	42.8	42	42.6	42.2	0.6	61	2.6220	61,935	
200	AFTABAUTO	31	31.2	30.9	31	30.9	0.1	153	2.6030	83,847	
201	PIONEERINS	40.9	41.2	40.6	40.9	41	-0.1	169	2.5580	62,697	
202	ESQUIRENIT	21.6	22	21.3	21.4	21.8	-0.2	152	2.5540	117,806	
203	FARCHEM	23.8	23.9	23.3	23.8	23.5	0.3	161	2.5300	106,841	
204	ACIFORMULA	134.2	136.3	133.7	134.2	134.2	0	153	2.4790	18,386	
205	NAHEEACP	20.3	20.4	20.2	20.3	20.3	0	153	2.4540	120,940	
206	BNICL	39.8	40.2	39.6	39.8	39.7	0.1	194	2.4410	61,223	
207	BBSCABLES	16.4	16.8	16.3	16.4	16.8	-0.4	221	2.4330	147,851	
208	BDAUTOCA	93.2	95.8	92.8	93.2	94	-0.8	237	2.4250	25,993	
209	GENNEXT	2.9	3.1	2.9	2.9	2.9	0	196	2.4090	820,216	
210	JAMUNAOIL	175.6	177.5	175.2	175.6	175.3	0.3	144	2.3820	13,533	
211	CAPITECGBF	7.2	7.3	7.1	7.2	7.2	0	95	2.3560	327,247	
212	DUTCHBANGL	47.5	48	47.4	47.5	48	-0.5	136	2.3490	49,423	
213	SIBL	9.8	9.9	9.7	9.8	9.8	0	68	2.3300	237,797	
214	POPULAR1MF	3.4	3.5	3.3	3.4	3.4	0	116	2.3260	684,102	
215	1JANATAMF	3.5	3.5	3.3	3.4	3.3	0.2	164	2.3240	687,720	
216	NHFIL	25.3	25.9	25.2	25.3	25.3	0	154	2.2760	89,708	
217	RUPALIBANK	20.8	21.3	20.7	20.8	20.7	0.1	173	2.2720	108,474	
218	RAHIMAFOOD	78.8	80.5	78.5	78.8	79.5	-0.7	171	2.2640	28,609	
219	UNITEDFIN	12.5	12.7	12.4	12.5	12.4	0.1	103	2.2530	179,797	
220	BARKAPOWER	9.7	10	9.7	9.7	9.9	-0.2	134	2.2500	228,776	
221	QUEENSOUTH	12	12.4	11.9	12	12	0	146	2.2180	184,142	
222	COPPERTECH	18.2	18.7	18	18.2	18.5	-0.3	131	2.1830	119,064	
223	GQBALLPEN	155.7	157.8	154.9	155.7	155.7	0	103	2.1700	13,932	
224	SAIFPOWER	10	10.3	10	10	10	0	168	2.1530	214,824	
225	STYLECRAFT	54.1	55.5	53.7	54.1	55	-0.9	279	2.1400	39,244	
226	TRUSTB1MF	3.6	3.8	3.6	3.6	3.7	-0.1	49	2.1400	588,538	
227	ARAMIT	163.5	167.9	163.3	163.5	166.7	-3.2	231	2.1350	13,011	
228	PRAGATILIF	105	107.9	104.4	105.4	106.5	-1.5	155	2.0440	19,407	
229	ARGONDENIM	15.9	15.9	15.8	15.9	15.9	0	92	2.0270	127,798	
230	CITYGENINS	32.4	32.7	31.5	32.4	32.1	0.3	97	1.9960	62,239	
231	NPOLYMER	30.1	30.5	29.9	30.1	30.2	-0.1	139	1.9890	66,050	
232	KEYACOSMET	4.5	4.6	4.4	4.4	4.4	0.1	151	1.9830	448,415	
233	PARAMOUNT	38.6	39.4	38.3	38.7	38.9	-0.3	114	1.9810	51,362	
234	YPL	12.3	12.5	12.3	12.3	12.4	-0.1	99	1.9670	159,428	
235	ADVENT	15.2	15.5	15.2	15.2	15.5	-0.3	164	1.9550	127,559	
236	METROSPIN	13	13.2	13	13	13.2	-0.2	54	1.9530	149,356	
237	CENTRALINS	32.5	33.5	32.4	32.5	33.1	-0.6	101	1.9420	59,525	
238	INTECH	20.8	21.5	20.3	20.6	21.2	-0.4	142	1.8870	90,877	
239	APEXTANRY	67.9	69	67.7	67.9	68	-0.1	110	1.8840	27,726	
240	LRGLOBMF1	3.8	3.9	3.7	3.8	3.7	0.1	91	1.8500	486,676	
241	LRBDL	14.4	14.8	14.3	14.4	14.7	-0.3	129	1.8290	125,996	
242	SILCOPHL	14.7	15.3	14.7	14.7	15	-0.3	139	1.7710	118,796	
243	BSRMSTEEL	51.6	52	51.4	51.6	51.5	0.1	85	1.7410	33,724	
244	AMANFEED	24.6	25	24.3	24.6	24.8	-0.2	212	1.7220	70,135	
245	BSCPLC	123.3	124.5	122.1	123.3	124	-0.7	101	1.6990	13,800	
246	RAKCERAMIC	22.5	22.8	22.4	22.5	22.5	0	126	1.6790	74,535	
247	BENGALWTL	17.3	18.4	17.1	17.3	17.7	-0.4	618	1.6480	94,666	
248	ALARABANK	23.2	23.5	22.8	23.4	23.2	0	57	1.6390	70,686	
249	PEOPLESINS	28.8	28.9	28.4	28.8	28.5	0.3	103	1.6320	56,653	
250	SONARBAINS	24.5	24.5	23.6	24	24.3	0.2	72	1.6160	67,454	
251	MITHUNKNIT	15.9	16.2	15.7	15.9	15.8	0.1	112	1.6030	100,346	
252	PF1STMF	5.3	5.4	5.2	5.3	5.3	0	46	1.6020	302,274	
253	GRAMEENS2	13	13.1	12.9	13	13.1	-0.1	80	1.5610	120,113	
254	IDLC	30.5	31	30.3	30.5	30.3	0.2	146	1.4910	48,786	
255	PADMALIFE	23.4	23.6	23	23.4	23.1	0.3	113	1.4730	63,136	
256	FAMILYTEX	2.6	2.6	2.5	2.5	2.5	0.1	62	1.4670	585,836	
257	SHYAMPSUG	133.4	135	130	132.3	130.9	2.5	97	1.4450	11,055	
258	VAMLRBBF	5.9	6	5.5	5.9	5.8	0.1	50	1.3940	245,771	
259	SOUTHEASTB	9	9.2	9	9	9	0	53	1.3920	153,708	
260	NITOLINS	25.2	25.5	24.6	25.2	25.4	-0.2	46	1.3810	54,903	
261	ICICL	21.5	21.7	21.3	21.5	21.5	0	115	1.3800	64,273	
262	INDEXAGRO	66.3	67.1	65.3	66.1	66.1	0.2	95	1.3730	20,703	
263	PHENIXINS	25	25.5	24.5	25	24.9	0.1	104	1.3690	55,074	
264	SAMATALETH	45.3	47.6	45	45.3	45.5	-0.2	128	1.3540	29,675	
265	BPPL	10.3	10.5	10.2	10.3	10.5	-0.2	136	1.3470	130,322	
266	ALIF	6.7	6.7	6.6	6.7	6.7	0	66	1.3290	199,759	
267	DBH	35.1	35.3	34.7	35.1	35	0.1	99	1.3170	37,695	
268	RUPALIINS	21.5	21.6	21.3	21.5	21.3	0.2	109	1.3060	60,916	
269	STANDBANKL	5.7	5.8	5.6	5.7	5.7	0	61	1.2990	227,711	
270	AIBL1STIMF	7	7	6.8	7	6.8	0.2	19	1.2530	179,006	
271	NFML	9.1	9.2	8.9	9.1	9.1	0	81	1.2210	133,638	
272	BERGERPBL	1	1,785	1,765	1,784.3	1	-2	84	1.2000	676	
273	MLDYEING	8.8	9.1	8.8	8.8	8.9	-0.1	85	1.1570	130,620	
274	SINGERBD	116.9	116.9	114.1	114.6	115.4	1.5	120	1.1180	9,755	
275	ASIAINS	26.7	27.3	26.6	26.7	26.7	0	69	1.1170	41,765	
276	DULAMIACOT	75.2	81.3	75	75.9	76.8	-1.6	60	1.1160	14,615	
277	FBFIF	3.4	3.5	3.3	3.4	3.4	0	83	1.0930	324,118	
278	RINGSHINE	3.7	3.8	3.7	3.7	3.8	-0.1	98	1.0730	288,385	
279	DAFODILCOM	61.6	63.9	60.1	61.1	61.8	-0.2	95	1.0700	17,296	
280	JANATAINS	25.6	25.8	25	25.6	25.3	0.3	94	1.0640	41,897	
281	AOL	13.2	13.5	13	13.2	13.4	-0.2	106	1.0360	77,935	
282	SAIHAMTEX	13.8	13.8	13.6	13.7	13.7	0.1	50	1.0360	75,582	
283	APEXSPINN	94.2	94.5	93	94.2	93.1	1.1	101	1.0350	11,063	
284	EBLNRBMF	3.6	3.8	3.5	3.6	3.6	0	53	1.0230	282,173	
285	SHEPHERD	15.5	15.7	15.2	15.5	15.4	0.1	67	1.0130	65,857	
286	OAL	7.6	7.8	7.5	7.6	7.7	-0.1	96	1.0020	131,095	
287	EXIM1STMF	3.7	3.8	3.6	3.7	3.7	0	61	0.9980	270,974	
288	NEWLINE	7.8	7.9	7.7	7.8	7.7	0.1	123	0.9930	127,964	
289	CROWNCEMNT	48	49.3	48	48.1	48.7	-0.7	68	0.9780	20,167	
290	SILVAPHL	10.3	10.6	10.2	10.3	10.5	-0.2	75	0.9700	94,043	
291	GIB	3.6	3.7	3.5	3.6	3.6	0	156	0.9270	258,108	
292	PRIME1ICBA	5	5.1	4.9	5	5	0	20	0.9090	181,800	
293	AGRANINS	24.5	24.9	24	24.5	24.3	0.2	67	0.9020	36,992	
294	FEDERALINS	17.8	17.9	17.6	17.8	17.7	0.1	90	0.8980	50,631	
295	EBL1STMF	5.7	5.8	5.5	5.7	5.5	0.2	146	0.8890	157,311	
296	AZIZPIPES	51	52.8	51	51.1	51.4	-0.4	80	0.8320	16,106	
297	WMSHIPYARD	8.9	9.2	8.2	8.9	9	-0.1	111	0.7990	89,903	
298	ASIAPACINS	31.4	31.6	30.5	31.4	31.2	0.2	72	0.7860	25,275	
299	ILFSL	3.7	3.8	3.6	3.7	3.8	-0.1	31	0.7730	205,410	
300	ICB3RDNRB	4.5	4.6	4.5	4.6	4.5	0	12	0.7630	167,100	
301	ZAHEENSPIN	6.6	6.8	6.6	6.6	6.7	-0.1	118	0.7500	113,142	
302	PENINSULA	11.1	11.3	11	11.1	11.1	0	39	0.7490	67,571	
303	DELTASPINN	5.4	5.4	5.2	5.4	5.2	0.2	104	0.7440	139,724	
304	MERCINS	24.3	25.4	24	24.3	24.6	-0.3	25	0.7400	29,398	
305	ISNLTD	37.3	38.7	36.9	37.3	37.7	-0.4	70	0.7380	19,677	
306	RAHIMTEXT	112.5	115.6	112	112	114.2	-1.7	67	0.7270	6,425	
307	PRIMEINSUR	31.8	32.2	31.4	31.8	31.9	-0.1	80	0.7020	22,127	
308	PURABIGEN	17.6	18	17.6	17.7	18	-0.4	48	0.6800	38,170	
309	DHAKAINS	37	37	36.2	36.9	36.3	0.7	87	0.6730	18,377	
310	SIPLC	40.2	41	40	40.2	40.4	-0.2	70	0.6600	16,407	
311	TAMIJTEX	105	106	104.1	105	105.7	-0.7	59	0.6410	6,094	
312	RELIANCINS	53.5	54.5	53.4	53.5	54	-0.5	63	0.6390	11,886	
313	MIDASFIN	8.6	8.9	8.4	8.6	8.6	0	82	0.6210	72,444	
314	BGIC	33.7	33.7	33	33.5	33.7	0	45	0.6000	17,966	
315	ACTIVEFINE	8.5	8.5	8.2	8.3	8.2	0.3	52	0.5990	72,375	
316	VFSTDL	7.4	7.7	7	7.4	7.4	0	79	0.5960	82,843	
317	SKTRIMS	11.9	12	11.7	11.9	11.7	0.2	40	0.5910	49,743	
318	CNATEX	3.8	3.9	3.8	3.8	3.8	0	48	0.5850	153,758	
319	SQUARETEXT	49.8	49.9	49.5	49.8	49.6	0.2	41	0.5710	11,492	
320	REPUBLIC	28	28.5	27.7	28	27.9	0.1	28	0.5480	19,573	
321	EASTERNINS	45	45.6	44.6	44.8	46	-1	40	0.5370	11,950	
322	RENWICKJA	715.7	779.5	715.7	730.5	726.9	-11.2	33	0.4680	635	
323	BANKASIA	16.8	16.8	16.6	16.8	16.8	0	37	0.4660	27,846	
324	UNITEDINS	36.4	37	35.6	35.9	36.7	-0.3	66	0.4520	12,556	
325	ISLAMIINS	35.3	35.9	34.6	34.8	35	0.3	61	0.4500	12,946	
326	PTL	45.2	45.9	44.8	45	45.8	-0.6	48	0.4470	9,939	
327	IFILISLMF1	4.3	4.3	4.2	4.3	4.2	0.1	24	0.4280	99,703	
328	GREENDELMF	4	4	3.8	3.9	3.9	0.1	16	0.4220	108,161	
329	NTC	179.3	179.6	178.6	179.3	179.2	0.1	49	0.4210	2,349	
330	FASFIN	3.6	3.6	3.4	3.6	3.5	0.1	38	0.4200	118,455	
331	PDL	6.7	7	6.7	6.7	6.8	-0.1	54	0.4050	60,202	
332	SAFKOSPINN	10.5	11	10.2	10.6	10.4	0.1	78	0.3930	37,113	
333	APOLOISPAT	3.7	3.8	3.7	3.7	3.8	-0.1	46	0.3900	104,446	
334	GHCL	20.7	21.5	19.7	20.7	20.7	0	81	0.3760	18,081	
335	DSHGARME	68.2	68.5	68	68.2	67.7	0.5	51	0.3500	5,139	
336	NAVANACNG	20.6	20.8	20.5	20.6	20.7	-0.1	57	0.3470	16,883	
337	UNIONBANK	3.5	3.6	3.5	3.5	3.5	0	72	0.3160	89,899	
338	MAKSONSPIN	6.2	6.2	6.1	6.1	6.2	0	48	0.3050	49,619	
339	CAPMIBBLMF	8.1	8.3	7.9	8.1	8.1	0	33	0.3010	37,300	
340	NURANI	3.5	3.6	3.4	3.5	3.6	-0.1	51	0.2880	82,539	
341	ZEALBANGLA	89.5	92	89.1	89.6	91	-1.5	42	0.2770	3,086	
342	SEMLFBSLGF	5	5.1	4.9	5	5	0	20	0.2740	54,917	
343	GBBPOWER	7.3	7.3	7.2	7.2	7.3	0	22	0.2700	37,458	
344	AAMRATECH	14	14.2	14	14.1	14	0	39	0.2640	18,764	
345	ZAHINTEX	4.6	4.8	4.6	4.6	4.7	-0.1	33	0.2510	54,248	
346	AFCAGRO	9	9.3	9	9	9.1	-0.1	18	0.2420	26,822	
347	ALLTEX	11.5	11.8	11.1	11.2	11.4	0.1	40	0.2280	20,290	
348	RSRMSTEEL	10.3	10.6	10.2	10.3	10.4	-0.1	36	0.2250	21,927	
349	GREENDELT	44	44.6	43.9	44.2	43.9	0.1	21	0.2200	4,948	
350	HWAWELLTEX	40	41.1	40	40.1	40	0	13	0.2190	5,466	
351	TALLUSPIN	5.3	5.5	5	5.1	5	0.3	58	0.2100	40,398	
352	MEGCONMILK	23.3	24	22.1	23.3	23.7	-0.4	37	0.2090	8,860	
353	JUTESPINN	219.9	221.9	215	219.1	212.8	7.1	47	0.2020	935	
354	UNILEVERCL	2	2,448.9	2,405	2,410.5	2	-5.5	18	0.1900	79	
355	HFL	9	9.3	8.9	9	9.2	-0.2	44	0.1750	19,358	
356	TUNGHAI	2.8	2.9	2.8	2.8	2.8	0	25	0.1740	62,110	
357	PHOENIXFIN	3.7	3.9	3.7	3.8	3.8	-0.1	32	0.1730	45,489	
358	PRIMEFIN	4.7	4.8	4.6	4.7	4.6	0.1	18	0.1730	36,841	
359	NORTHERN	108.1	114.4	108.1	108.9	109.5	-1.4	35	0.1660	1,512	
360	BATASHOE	818	824.9	818	818.8	821.1	-3.1	51	0.1640	200	
361	BAYLEASING	6	6	5.9	6	6	0	30	0.1630	27,199	
362	VAMLBDMF1	6.8	6.9	6.8	6.8	6.9	-0.1	13	0.1620	23,652	
363	ICBAGRANI1	6.8	6.9	6.8	6.9	6.9	-0.1	4	0.1620	23,500	
364	GSPFINANCE	5.6	5.8	5.6	5.6	5.7	-0.1	24	0.1610	28,502	
365	MEGHNAPET	25.5	25.7	25.1	25.5	25.5	0	23	0.1580	6,200	
366	ATLASBANG	50.9	52.8	50.8	50.9	52.8	-1.9	31	0.1570	3,071	
367	FAREASTLIF	31.9	33.1	31.2	31.6	31.6	0.3	21	0.1550	4,906	
368	DBH1STMF	4.4	4.6	4.1	4.5	4.3	0.1	35	0.1530	34,830	
369	ICBAMCL2ND	6.1	6.3	6.1	6.1	6.2	-0.1	22	0.1500	24,515	
370	SHURWID	7.8	7.9	7.8	7.8	7.8	0	25	0.1390	17,793	
371	PRIMETEX	13.6	14	13.4	13.6	13.5	0.1	35	0.1330	9,781	
372	SONALILIFE	50.4	52	48.9	49	49.3	1.1	24	0.1300	2,653	
373	NORTHRNINS	27.7	28.3	27.7	28	28.2	-0.5	12	0.1250	4,472	
374	MEGHNACEM	43.5	44.7	43.2	43.5	43.7	-0.2	19	0.1170	2,690	
375	TAKAFULINS	33.8	33.9	33	33.4	33.1	0.7	16	0.1100	3,293	
376	STANCERAM	67.3	70.9	65.8	67.3	71.1	-3.8	26	0.0870	1,274	
377	BDWELDING	10.7	10.8	10.6	10.7	10.7	0	11	0.0840	7,894	
378	BIFC	6.9	6.9	6.8	6.8	6.8	0.1	16	0.0730	10,728	
379	NBL	4	4	3.9	3.9	4	0	21	0.0620	15,920	
380	MBL1STMF	4.4	4.4	4.2	4.3	4.2	0.2	18	0.0550	12,701	
381	ACFL	17	17.5	16.9	17	17.2	-0.2	28	0.0500	2,957	
382	ICBEPMF1S1	5	5	5	5	4.9	0.1	3	0.0500	10,020	
383	REGENTTEX	3.9	3.9	3.8	3.8	3.8	0.1	22	0.0440	11,547	
384	SEMLIBBLSF	6.7	6.7	6.6	6.7	6.7	0	6	0.0440	6,540	
385	ARAMITCEM	13.8	14.5	13.6	13.8	14	-0.2	20	0.0440	3,208	
386	PLFSL	2.3	2.4	2.2	2.3	2.3	0	23	0.0420	18,444	
387	ANLIMAYARN	22.8	23	22.5	22.8	22.6	0.2	25	0.0410	1,783	
388	USMANIAGL	36.7	39	35.2	36.7	38	-1.3	17	0.0390	1,070	
389	NCCBLMF1	5.2	5.2	5.2	5.2	5.1	0.1	10	0.0250	4,752	
390	PREMIERLEA	3.3	3.3	3.2	3.3	3.3	0	8	0.0200	6,063	
391	ICBIBANK	3	3	2.9	3	3	0	8	0.0180	5,913	
392	UTTARAFIN	14.5	14.5	14.5	14.5	14.4	0.1	1	0.0150	1,000	
393	FIRSTFIN	3.6	3.7	3.6	3.6	3.5	0.1	2	0.0000	6	
394	BDSERVICE	0	0	0	5.2	5.2	--	0	0.0000	0	
395	SAVAREFR	0	0	0	215.5	215.5	--	0	0.0000	0	
396	BEXIMCO	0	0	0	110.1	110.1	--	0	0.0000	0	
397	ATCSLGF	0	0	0	7.5	7.5	--	0	0.0000	0	
